-1.473537222640736211e+01
-6.475990103675157705e-01
-3.236396117544548257e-01
-2.008531753052354984e-01
-1.618095313725571027e-01
-1.311179849308699019e-01
-1.004264384891826178e-01
-8.857685351936554763e-02
-8.090412681195138789e-02
-7.323140010453721427e-02
-6.555867339712304065e-02
-5.788594668970886703e-02
-5.021321998229470729e-02
-4.620656383378222987e-02
-4.428838945971012853e-02
-4.237021508563803412e-02
-4.045204071156594666e-02
-3.853386633749385226e-02
-3.661569196342175786e-02
-3.469751758934966346e-02
-3.277934321527756906e-02
-3.086116884120546425e-02
-2.894299446713337332e-02
-2.702482009306128238e-02
-2.510664571898918451e-02
-2.358285787654602894e-02
-2.310331820399441627e-02
-2.262377853144280013e-02
-2.214423885889118052e-02
-2.166469918633956437e-02
-2.118515951378794823e-02
-2.070561984123633209e-02
-2.022608016868471942e-02
-1.974654049613309981e-02
-1.926700082358148713e-02
-1.878746115102986752e-02
-1.830792147847825485e-02
-1.782838180592663871e-02
-1.734884213337502257e-02
-1.686930246082340643e-02
-1.638976278827179028e-02
-1.591022311572017067e-02
-1.543068344316855280e-02
-1.495114377061693839e-02
-1.447160409806532225e-02
-1.399206442551370611e-02
-1.351252475296209170e-02
-1.303298508041047382e-02
-1.255344540785885768e-02
-1.207390573530724327e-02
-1.179155293313427326e-02
-1.167167342707046279e-02
-1.155179392100665059e-02
-1.143191441494283665e-02
-1.131203490887902445e-02
-1.119215540281521225e-02
-1.107227589675139831e-02
-1.095239639068758437e-02
-1.083251688462377217e-02
-1.071263737855995997e-02
-1.059275787249614603e-02
-1.047287836643233556e-02
-1.035299886036852336e-02
-1.023311935430471116e-02
-1.011323984824089896e-02
-9.993360342177085021e-03
-9.873480836113271084e-03
-9.753601330049460616e-03
-9.633721823985646679e-03
-9.513842317921834477e-03
-9.393962811858022274e-03
-9.274083305794210072e-03
-9.154203799730396135e-03
-9.034324293666583933e-03
-8.914444787602771730e-03
-8.794565281538959528e-03
-8.674685775475147326e-03
-8.554806269411335123e-03
-8.434926763347522921e-03
-8.315047257283710719e-03
-8.195167751219896782e-03
-8.075288245156082845e-03
-7.955408739092270642e-03
-7.835529233028456705e-03
-7.715649726964644503e-03
-7.595770220900832301e-03
-7.475890714837020098e-03
-7.356011208773207896e-03
-7.236131702709394826e-03
-7.116252196645582624e-03
-6.996372690581769554e-03
-6.876493184517957352e-03
-6.756613678454145150e-03
-6.636734172390332080e-03
-6.516854666326519878e-03
-6.396975160262706808e-03
-6.277095654198894606e-03
-6.157216148135081536e-03
-6.037336642071269334e-03
-5.917457136007457132e-03
-5.896302741973685584e-03
-5.866332907379867567e-03
-5.836363072786050418e-03
-5.806393238192231535e-03
-5.776423403598414386e-03
-5.746453569004596369e-03
-5.716483734410777486e-03
-5.686513899816959469e-03
-5.656544065223141453e-03
-5.626574230629322569e-03
-5.596604396035505420e-03
-5.566634561441687404e-03
-5.536664726847868520e-03
-5.506694892254050504e-03
-5.476725057660232487e-03
-5.446755223066413604e-03
-5.416785388472595587e-03
-5.386815553878777571e-03
-5.356845719284960422e-03
-5.326875884691141538e-03
-5.296906050097322655e-03
-5.266936215503505506e-03
-5.236966380909687489e-03
-5.206996546315869473e-03
-5.177026711722051457e-03
-5.147056877128232573e-03
-5.117087042534415424e-03
-5.087117207940597408e-03
-5.057147373346778524e-03
-5.027177538752959640e-03
-4.997207704159142491e-03
-4.967237869565323607e-03
-4.937268034971506458e-03
-4.907298200377687575e-03
-4.877328365783870426e-03
-4.847358531190051542e-03
-4.817388696596234393e-03
-4.787418862002415509e-03
-4.757449027408597493e-03
-4.727479192814779477e-03
-4.697509358220961460e-03
-4.667539523627143444e-03
-4.637569689033325428e-03
-4.607599854439507411e-03
-4.577630019845689395e-03
-4.547660185251870511e-03
-4.517690350658052495e-03
-4.487720516064234479e-03
-4.457750681470416462e-03
-4.427780846876598446e-03
-4.397811012282780430e-03
-4.367841177688962413e-03
-4.337871343095144397e-03
-4.307901508501326381e-03
-4.277931673907507497e-03
-4.247961839313689481e-03
-4.217992004719871464e-03
-4.188022170126053448e-03
-4.158052335532235431e-03
-4.128082500938417415e-03
-4.098112666344599399e-03
-4.068142831750781382e-03
-4.038172997156962499e-03
-4.008203162563145350e-03
-3.978233327969326466e-03
-3.948263493375508450e-03
-3.918293658781689566e-03
-3.888323824187872417e-03
-3.858353989594053533e-03
-3.828384155000236384e-03
-3.798414320406417501e-03
-3.768444485812600352e-03
-3.738474651218781468e-03
-3.708504816624963452e-03
-3.678534982031145002e-03
-3.648565147437327419e-03
-3.618595312843508535e-03
-3.588625478249691386e-03
-3.558655643655872503e-03
-3.528685809062054920e-03
-3.498715974468236470e-03
-3.468746139874419321e-03
-3.438776305280600437e-03
-3.408806470686782421e-03
-3.378836636092963971e-03
-3.348866801499146388e-03
-3.318896966905327938e-03
-3.288927132311510355e-03
-3.258957297717691905e-03
-3.228987463123874323e-03
-3.199017628530055439e-03
-3.169047793936238290e-03
-3.139077959342419406e-03
-3.109108124748600956e-03
-3.079138290154783374e-03
-3.049168455560964490e-03
-3.019198620967146907e-03
-2.989228786373328024e-03
-2.959258951779510875e-03
-2.929289117185691991e-03
-2.948976795164657931e-03
-2.941457059684094658e-03
-2.933937324203530518e-03
-2.926417588722967679e-03
-2.918897853242403972e-03
-2.911378117761839832e-03
-2.903858382281276993e-03
-2.896338646800712853e-03
-2.888818911320149146e-03
-2.881299175839585440e-03
-2.873779440359022167e-03
-2.866259704878458027e-03
-2.858739969397894754e-03
-2.851220233917331481e-03
-2.843700498436767341e-03
-2.836180762956203635e-03
-2.828661027475640362e-03
-2.821141291995077089e-03
-2.813621556514513383e-03
-2.806101821033950110e-03
-2.798582085553385970e-03
-2.791062350072821829e-03
-2.783542614592258990e-03
-2.776022879111694850e-03
-2.768503143631131577e-03
-2.760983408150567871e-03
-2.753463672670004164e-03
-2.745943937189440458e-03
-2.738424201708876751e-03
-2.730904466228313912e-03
-2.723384730747749772e-03
-2.715864995267186499e-03
-2.708345259786622359e-03
-2.700825524306059086e-03
-2.693305788825495380e-03
-2.685786053344932107e-03
-2.678266317864367967e-03
-2.670746582383804260e-03
-2.663226846903240554e-03
-2.655707111422677281e-03
-2.648187375942113574e-03
-2.640667640461550301e-03
-2.633147904980986595e-03
-2.625628169500422888e-03
-2.618108434019859182e-03
-2.610588698539295909e-03
-2.603068963058732203e-03
-2.595549227578168496e-03
-2.588029492097604790e-03
-2.580509756617041083e-03
-2.572990021136477810e-03
-2.565470285655914104e-03
-2.557950550175349964e-03
-2.550430814694787125e-03
-2.542911079214222984e-03
-2.535391343733659712e-03
-2.527871608253096005e-03
-2.520351872772532732e-03
-2.512832137291968592e-03
-2.505312401811404886e-03
-2.497792666330841613e-03
-2.490272930850277906e-03
-2.482753195369714200e-03
-2.475233459889150493e-03
-2.467713724408586787e-03
-2.460193988928023514e-03
-2.452674253447459807e-03
-2.445154517966895667e-03
-2.437634782486332828e-03
-2.430115047005769122e-03
-2.422595311525205415e-03
-2.415075576044641709e-03
-2.407555840564078002e-03
-2.400036105083514729e-03
-2.392516369602950589e-03
-2.384996634122387316e-03
-2.377476898641824044e-03
-2.369957163161260337e-03
-2.362437427680696631e-03
-2.354917692200132924e-03
-2.347397956719569218e-03
-2.339878221239005945e-03
-2.332358485758441805e-03
-2.324838750277878532e-03
-2.317319014797314825e-03
-2.309799279316751552e-03
-2.302279543836187846e-03
-2.294759808355624139e-03
-2.287240072875060433e-03
-2.279720337394496726e-03
-2.272200601913933020e-03
-2.264680866433369313e-03
-2.257161130952806041e-03
-2.249641395472242334e-03
-2.242121659991678628e-03
-2.234601924511114921e-03
-2.227082189030551648e-03
-2.219562453549987942e-03
-2.212042718069424235e-03
-2.204522982588860529e-03
-2.197003247108297256e-03
-2.189483511627733549e-03
-2.181963776147170277e-03
-2.174444040666606136e-03
-2.166924305186042864e-03
-2.159404569705478723e-03
-2.151884834224915451e-03
-2.144365098744351744e-03
-2.136845363263788471e-03
-2.129325627783224331e-03
-2.121805892302661492e-03
-2.114286156822097352e-03
-2.106766421341534079e-03
-2.099246685860969939e-03
-2.091726950380406666e-03
-2.084207214899843393e-03
-2.076687479419279687e-03
-2.069167743938715547e-03
-2.061648008458152274e-03
-2.054128272977589001e-03
-2.046608537497025294e-03
-2.039088802016461154e-03
-2.031569066535897881e-03
-2.024049331055334175e-03
-2.016529595574770468e-03
-2.009009860094206762e-03
-2.001490124613643489e-03
-1.993970389133079783e-03
-1.986450653652516076e-03
-1.978930918171952370e-03
-1.971411182691389097e-03
-1.963891447210825390e-03
-1.956371711730261684e-03
-1.948851976249697977e-03
-1.941332240769134704e-03
-1.933812505288570998e-03
-1.926292769808006858e-03
-1.918773034327443585e-03
-1.911253298846879878e-03
-1.903733563366316606e-03
-1.896213827885752466e-03
-1.888694092405189193e-03
-1.881174356924625920e-03
-1.873654621444062213e-03
-1.866134885963498290e-03
-1.858615150482934800e-03
-1.851095415002371094e-03
-1.843575679521807604e-03
-1.836055944041243898e-03
-1.828536208560680408e-03
-1.821016473080117135e-03
-1.813496737599553429e-03
-1.805977002118989289e-03
-1.798457266638426016e-03
-1.790937531157862526e-03
-1.783417795677298386e-03
-1.775898060196734896e-03
-1.768378324716171407e-03
-1.760858589235607917e-03
-1.753338853755044210e-03
-1.745819118274480504e-03
-1.738299382793917231e-03
-1.730779647313353741e-03
-1.723259911832789818e-03
-1.715740176352226112e-03
-1.708220440871662405e-03
-1.700700705391099132e-03
-1.693180969910534992e-03
-1.685661234429971719e-03
-1.678141498949408447e-03
-1.670621763468844740e-03
-1.663102027988280817e-03
-1.655582292507717327e-03
-1.648062557027153837e-03
-1.640542821546590565e-03
-1.633023086066026424e-03
-1.625503350585462935e-03
-1.617983615104899228e-03
-1.610463879624335955e-03
-1.602944144143772032e-03
-1.595424408663208542e-03
-1.587904673182644836e-03
-1.580384937702081563e-03
-1.572865202221517640e-03
-1.565345466740954150e-03
-1.557825731260390877e-03
-1.550305995779826737e-03
-1.542786260299263247e-03
-1.535266524818699541e-03
-1.527746789338136051e-03
-1.520227053857572128e-03
-1.512707318377008638e-03
-1.505187582896445149e-03
-1.497667847415881442e-03
-1.490148111935317736e-03
-1.482628376454754463e-03
-1.475108640974190973e-03
-1.467588905493627267e-03
-1.460069170013063126e-03
-1.452549434532499854e-03
-1.569199568276896748e-03
-1.566447300705254642e-03
-1.563695033133612753e-03
-1.560942765561971297e-03
-1.558190497990329191e-03
-1.555438230418687518e-03
-1.552685962847045629e-03
-1.549933695275403957e-03
-1.547181427703762284e-03
-1.544429160132120395e-03
-1.541676892560478506e-03
-1.538924624988836616e-03
-1.536172357417194944e-03
-1.533420089845553055e-03
-1.530667822273911382e-03
-1.527915554702269493e-03
-1.525163287130627821e-03
-1.522411019558985714e-03
-1.519658751987344042e-03
-1.516906484415702369e-03
-1.514154216844060263e-03
-1.511401949272418374e-03
-1.508649681700776702e-03
-1.505897414129135029e-03
-1.503145146557493140e-03
-1.500392878985851251e-03
-1.497640611414209578e-03
-1.494888343842567689e-03
-1.492136076270926016e-03
-1.489383808699284127e-03
-1.486631541127642238e-03
-1.483879273556000565e-03
-1.481127005984358893e-03
-1.478374738412717004e-03
-1.475622470841075114e-03
-1.472870203269433442e-03
-1.470117935697791336e-03
-1.467365668126149447e-03
-1.464613400554507774e-03
-1.461861132982866102e-03
-1.459108865411224212e-03
-1.456356597839582323e-03
-1.453604330267940651e-03
-1.450852062696298978e-03
-1.448099795124657089e-03
-1.445347527553015200e-03
-1.442595259981373310e-03
-1.439842992409731638e-03
-1.437090724838089532e-03
-1.434338457266448076e-03
-1.431586189694806187e-03
-1.428833922123164298e-03
-1.426081654551522408e-03
-1.423329386979880519e-03
-1.420577119408238847e-03
-1.417824851836597174e-03
-1.415072584264955068e-03
-1.412320316693313395e-03
-1.409568049121671723e-03
-1.406815781550029834e-03
-1.404063513978387944e-03
-1.401311246406746055e-03
-1.398558978835104600e-03
-1.395806711263462710e-03
-1.393054443691820604e-03
-1.390302176120179149e-03
-1.387549908548537259e-03
-1.384797640976895370e-03
-1.382045373405253481e-03
-1.379293105833611591e-03
-1.376540838261970136e-03
-1.373788570690328247e-03
-1.371036303118686357e-03
-1.368284035547044468e-03
-1.365531767975402795e-03
-1.362779500403761123e-03
-1.360027232832119234e-03
-1.357274965260477344e-03
-1.354522697688835455e-03
-1.351770430117193783e-03
-1.349018162545551893e-03
-1.346265894973910221e-03
-1.343513627402268332e-03
-1.340761359830626442e-03
-1.338009092258984553e-03
-1.335256824687342881e-03
-1.332504557115701208e-03
-1.329752289544059319e-03
-1.327000021972417430e-03
-1.324247754400775540e-03
-1.321495486829133868e-03
-1.318743219257491979e-03
-1.315990951685850306e-03
-1.313238684114208417e-03
-1.310486416542566528e-03
-1.307734148970924638e-03
-1.304981881399282966e-03
-1.302229613827641293e-03
-1.299477346255999404e-03
-1.296725078684357515e-03
-1.293972811112715626e-03
-1.291220543541074170e-03
-1.288468275969432281e-03
-1.285716008397790391e-03
-1.282963740826148502e-03
-1.280211473254507046e-03
-1.277459205682864940e-03
-1.274706938111223051e-03
-1.271954670539581379e-03
-1.269202402967939706e-03
-1.266450135396297600e-03
-1.263697867824655711e-03
-1.260945600253014038e-03
-1.258193332681372366e-03
-1.255441065109730477e-03
-1.252688797538089021e-03
-1.249936529966446698e-03
-1.247184262394805026e-03
-1.244431994823163136e-03
-1.241679727251521464e-03
-1.238927459679879575e-03
-1.236175192108237685e-03
-1.233422924536596013e-03
-1.230670656964954340e-03
-1.227918389393312017e-03
-1.225166121821670562e-03
-1.222413854250028672e-03
-1.219661586678386783e-03
-1.216909319106745111e-03
-1.214157051535103438e-03
-1.211404783963461549e-03
-1.208652516391819877e-03
-1.205900248820177987e-03
-1.203147981248535881e-03
-1.200395713676894209e-03
-1.197643446105252536e-03
-1.194891178533610647e-03
-1.192138910961968975e-03
-1.189386643390327085e-03
-1.186634375818685413e-03
-1.183882108247043307e-03
-1.181129840675401634e-03
-1.178377573103759745e-03
-1.175625305532118072e-03
-1.172873037960476400e-03
-1.170120770388834511e-03
-1.167368502817192621e-03
-1.164616235245550732e-03
-1.161863967673908843e-03
-1.159111700102267170e-03
-1.156359432530625498e-03
-1.153607164958983609e-03
-1.150854897387341936e-03
-1.148102629815700047e-03
-1.145350362244058375e-03
-1.142598094672416268e-03
-1.139845827100774596e-03
-1.137093559529132707e-03
-1.134341291957490817e-03
-1.131589024385849145e-03
-1.128836756814207472e-03
-1.126084489242565583e-03
-1.123332221670923911e-03
-1.120579954099281805e-03
-1.117827686527639915e-03
-1.115075418955998243e-03
-1.112323151384356570e-03
-1.109570883812714681e-03
-1.106818616241073009e-03
-1.104066348669431119e-03
-1.101314081097789447e-03
-1.098561813526147341e-03
-1.095809545954505668e-03
-1.093057278382863779e-03
-1.090305010811222107e-03
-1.087552743239580434e-03
-1.084800475667938545e-03
-1.082048208096296656e-03
-1.079295940524654549e-03
-1.076543672953012877e-03
-1.073791405381370988e-03
-1.071039137809729315e-03
-1.068286870238087643e-03
-1.065534602666445754e-03
-1.062782335094804081e-03
-1.060030067523162192e-03
-1.057277799951520303e-03
-1.054525532379878413e-03
-1.051773264808236524e-03
-1.049020997236594852e-03
-1.046268729664953179e-03
-1.043516462093311290e-03
-1.040764194521669617e-03
-1.038011926950027728e-03
-1.035259659378385839e-03
-1.032507391806743949e-03
-1.029755124235102277e-03
-1.027002856663460388e-03
-1.024250589091818715e-03
-1.021498321520177043e-03
-1.049495011728988122e-03
-1.048151151596035842e-03
-1.046807291463083345e-03
-1.045463431330131282e-03
-1.044119571197178568e-03
-1.042775711064226505e-03
-1.041431850931274225e-03
-1.040087990798321945e-03
-1.038744130665369882e-03
-1.037400270532417386e-03
-1.036056410399465322e-03
-1.034712550266512826e-03
-1.033368690133560763e-03
-1.032024830000608483e-03
-1.030680969867656203e-03
-1.029337109734703923e-03
-1.027993249601751643e-03
-1.026649389468799363e-03
-1.025305529335847083e-03
-1.023961669202894803e-03
-1.022617809069942306e-03
-1.021273948936990243e-03
-1.019930088804037963e-03
-1.018586228671085683e-03
-1.017242368538133620e-03
-1.015898508405181123e-03
-1.014554648272228844e-03
-1.013210788139276564e-03
-1.011866928006324500e-03
-1.010523067873372004e-03
-1.009179207740419724e-03
-1.007835347607467661e-03
-1.006491487474515381e-03
-1.005147627341562884e-03
-1.003803767208610604e-03
-1.002459907075658541e-03
-1.001116046942706044e-03
-9.997721868097537642e-04
-9.984283266768017012e-04
-9.970844665438494212e-04
-9.957406064108973581e-04
-9.943967462779446445e-04
-9.930528861449925814e-04
-9.917090260120403015e-04
-9.903651658790880215e-04
-9.890213057461357416e-04
-9.876774456131834617e-04
-9.863335854802311817e-04
-9.849897253472789018e-04
-9.836458652143268387e-04
-9.823020050813743419e-04
-9.809581449484220620e-04
-9.796142848154697821e-04
-9.782704246825177190e-04
-9.769265645495654390e-04
-9.755827044166130507e-04
-9.742388442836606623e-04
-9.728949841507084908e-04
-9.715511240177562109e-04
-9.702072638848038225e-04
-9.688634037518516510e-04
-9.675195436188994795e-04
-9.661756834859471996e-04
-9.648318233529949196e-04
-9.634879632200425313e-04
-9.621441030870902513e-04
-9.608002429541380798e-04
-9.594563828211857999e-04
-9.581125226882335200e-04
-9.567686625552812400e-04
-9.554248024223289601e-04
-9.540809422893767886e-04
-9.527370821564244002e-04
-9.513932220234721203e-04
-9.500493618905198404e-04
-9.487055017575675604e-04
-9.473616416246153889e-04
-9.460177814916630006e-04
-9.446739213587108290e-04
-9.433300612257584407e-04
-9.419862010928061608e-04
-9.406423409598538808e-04
-9.392984808269017093e-04
-9.379546206939494294e-04
-9.366107605609972579e-04
-9.352669004280449779e-04
-9.339230402950926980e-04
-9.325791801621403096e-04
-9.312353200291881381e-04
-9.298914598962357498e-04
-9.285475997632835782e-04
-9.272037396303312983e-04
-9.258598794973790184e-04
-9.245160193644267384e-04
-9.231721592314745669e-04
-9.218282990985221786e-04
-9.204844389655698986e-04
-9.191405788326176187e-04
-9.177967186996653388e-04
-9.164528585667130588e-04
-9.151089984337608873e-04
-9.137651383008087158e-04
-9.124212781678564359e-04
-9.110774180349039391e-04
-9.097335579019518760e-04
-9.083896977689994877e-04
-9.070458376360473161e-04
-9.057019775030950362e-04
-9.043581173701427563e-04
-9.030142572371904763e-04
-9.016703971042381964e-04
-9.003265369712858080e-04
-8.989826768383336365e-04
-8.976388167053813566e-04
-8.962949565724290767e-04
-8.949510964394769051e-04
-8.936072363065245168e-04
-8.922633761735723453e-04
-8.909195160406199569e-04
-8.895756559076676770e-04
-8.882317957747153971e-04
-8.868879356417633340e-04
-8.855440755088108372e-04
-8.842002153758586657e-04
-8.828563552429064942e-04
-8.815124951099542142e-04
-8.801686349770017175e-04
-8.788247748440494375e-04
-8.774809147110971576e-04
-8.761370545781450945e-04
-8.747931944451927061e-04
-8.734493343122406430e-04
-8.721054741792882547e-04
-8.707616140463359748e-04
-8.694177539133835864e-04
-8.680738937804313065e-04
-8.667300336474791349e-04
-8.653861735145268550e-04
-8.640423133815745751e-04
-8.626984532486222951e-04
-8.613545931156701236e-04
-8.600107329827177353e-04
-8.586668728497654553e-04
-8.573230127168131754e-04
-8.559791525838608955e-04
-8.546352924509086155e-04
-8.532914323179563356e-04
-8.519475721850042725e-04
-8.506037120520518842e-04
-8.492598519190994958e-04
-8.479159917861474327e-04
-8.465721316531951528e-04
-8.452282715202428728e-04
-8.438844113872905929e-04
-8.425405512543383130e-04
-8.411966911213860330e-04
-8.398528309884338615e-04
-8.385089708554813647e-04
-8.371651107225291932e-04
-8.358212505895769133e-04
-8.344773904566246334e-04
-8.331335303236724618e-04
-8.317896701907201819e-04
-8.304458100577677936e-04
-8.291019499248157305e-04
-8.277580897918632337e-04
-8.264142296589109538e-04
-8.250703695259587822e-04
-8.237265093930065023e-04
-8.223826492600541140e-04
-8.210387891271020509e-04
-8.196949289941497709e-04
-8.183510688611973826e-04
-8.170072087282449942e-04
-8.156633485952928227e-04
-8.143194884623406512e-04
-8.129756283293882628e-04
-8.116317681964360913e-04
-8.102879080634838114e-04
-8.089440479305315315e-04
-8.076001877975791431e-04
-8.062563276646268632e-04
-8.049124675316746916e-04
-8.035686073987224117e-04
-8.022247472657701318e-04
-8.008808871328179603e-04
-7.995370269998656803e-04
-7.981931668669135088e-04
-7.968493067339610120e-04
-7.955054466010086237e-04
-7.941615864680564522e-04
-7.928177263351041722e-04
-7.914738662021520007e-04
-7.901300060691997208e-04
-7.887861459362474409e-04
-7.874422858032952693e-04
-7.860984256703428810e-04
-7.847545655373906011e-04
-7.834107054044383211e-04
-7.820668452714861496e-04
-7.900795769339301637e-04
-7.892764971275753215e-04
-7.884734173212204792e-04
-7.876703375148654202e-04
-7.868672577085102527e-04
-7.860641779021553021e-04
-7.852610980958003514e-04
-7.844580182894454008e-04
-7.836549384830904501e-04
-7.828518586767354995e-04
-7.820487788703805489e-04
-7.812456990640255982e-04
-7.804426192576705392e-04
-7.796395394513154801e-04
-7.788364596449605295e-04
-7.780333798386056873e-04
-7.772303000322506282e-04
-7.764272202258956776e-04
-7.756241404195407269e-04
-7.748210606131856679e-04
-7.740179808068307172e-04
-7.732149010004757666e-04
-7.724118211941208159e-04
-7.716087413877658653e-04
-7.708056615814109147e-04
-7.700025817750559640e-04
-7.691995019687009050e-04
-7.683964221623458459e-04
-7.675933423559910037e-04
-7.667902625496358362e-04
-7.659871827432808856e-04
-7.651841029369260434e-04
-7.643810231305709843e-04
-7.635779433242160337e-04
-7.627748635178609746e-04
-7.619717837115060240e-04
-7.611687039051510733e-04
-7.603656240987961227e-04
-7.595625442924412805e-04
-7.587594644860861130e-04
-7.579563846797311624e-04
-7.571533048733763201e-04
-7.563502250670211527e-04
-7.555471452606662020e-04
-7.547440654543111430e-04
-7.539409856479563007e-04
-7.531379058416014585e-04
-7.523348260352463995e-04
-7.515317462288913404e-04
-7.507286664225363898e-04
-7.499255866161814391e-04
-7.491225068098263801e-04
-7.483194270034713210e-04
-7.475163471971163704e-04
-7.467132673907615282e-04
-7.459101875844065775e-04
-7.451071077780515185e-04
-7.443040279716965678e-04
-7.435009481653415088e-04
-7.426978683589865581e-04
-7.418947885526316075e-04
-7.410917087462766568e-04
-7.402886289399217062e-04
-7.394855491335667556e-04
-7.386824693272116965e-04
-7.378793895208566374e-04
-7.370763097145016868e-04
-7.362732299081468446e-04
-7.354701501017917855e-04
-7.346670702954368349e-04
-7.338639904890817758e-04
-7.330609106827269336e-04
-7.322578308763719830e-04
-7.314547510700168155e-04
-7.306516712636618649e-04
-7.298485914573069142e-04
-7.290455116509519636e-04
-7.282424318445970129e-04
-7.274393520382420623e-04
-7.266362722318871117e-04
-7.258331924255320526e-04
-7.250301126191769936e-04
-7.242270328128221513e-04
-7.234239530064670923e-04
-7.226208732001121416e-04
-7.218177933937571910e-04
-7.210147135874022404e-04
-7.202116337810472897e-04
-7.194085539746923391e-04
-7.186054741683372800e-04
-7.178023943619823294e-04
-7.169993145556272703e-04
-7.161962347492724281e-04
-7.153931549429173690e-04
-7.145900751365624184e-04
-7.137869953302074678e-04
-7.129839155238524087e-04
-7.121808357174973497e-04
-7.113777559111425074e-04
-7.105746761047874484e-04
-7.097715962984326062e-04
-7.089685164920776555e-04
-7.081654366857227049e-04
-7.073623568793676458e-04
-7.065592770730125868e-04
-7.057561972666577445e-04
-7.049531174603026855e-04
-7.041500376539478433e-04
-7.033469578475927842e-04
-7.025438780412377252e-04
-7.017407982348828829e-04
-7.009377184285278239e-04
-7.001346386221728732e-04
-6.993315588158178142e-04
-6.985284790094628635e-04
-6.977253992031080213e-04
-6.969223193967529623e-04
-6.961192395903979032e-04
-6.953161597840430610e-04
-6.945130799776880019e-04
-6.937100001713330513e-04
-6.929069203649779922e-04
-6.921038405586231500e-04
-6.913007607522679825e-04
-6.904976809459131403e-04
-6.896946011395581897e-04
-6.888915213332032390e-04
-6.880884415268481800e-04
-6.872853617204931209e-04
-6.864822819141381703e-04
-6.856792021077832196e-04
-6.848761223014283774e-04
-6.840730424950733184e-04
-6.832699626887183677e-04
-6.824668828823634171e-04
-6.816638030760083580e-04
-6.808607232696532990e-04
-6.800576434632984568e-04
-6.792545636569433977e-04
-6.784514838505884471e-04
-6.776484040442334964e-04
-6.768453242378785458e-04
-6.760422444315235951e-04
-6.752391646251685361e-04
-6.744360848188134770e-04
-6.736330050124586348e-04
-6.728299252061035757e-04
-6.720268453997486251e-04
-6.712237655933936745e-04
-6.704206857870387238e-04
-6.696176059806837732e-04
-6.688145261743286057e-04
-6.680114463679736551e-04
-6.672083665616188129e-04
-6.664052867552637538e-04
-6.656022069489088032e-04
-6.647991271425538525e-04
-6.639960473361989019e-04
-6.631929675298439512e-04
-6.623898877234888922e-04
-6.615868079171338331e-04
-6.607837281107789909e-04
-6.599806483044240403e-04
-6.591775684980690896e-04
-6.583744886917141390e-04
-6.575714088853590799e-04
-6.567683290790040209e-04
-6.559652492726490702e-04
-6.551621694662942280e-04
-6.543590896599391690e-04
-6.535560098535841099e-04
-6.527529300472292677e-04
-6.519498502408742086e-04
-6.511467704345192580e-04
-6.503436906281643073e-04
-6.495406108218092483e-04
-6.487375310154542976e-04
-6.479344512090993470e-04
-6.471313714027442879e-04
-6.463282915963893373e-04
-6.455252117900343867e-04
-6.447221319836794360e-04
-6.439190521773244854e-04
-6.431159723709694263e-04
-6.423128925646144757e-04
-6.415098127582596335e-04
-6.407067329519044660e-04
-6.399036531455496238e-04
-6.391005733391946731e-04
-6.382974935328396141e-04
-6.374944137264845550e-04
-6.366913339201296044e-04
-6.358882541137746537e-04
-6.350851743074197031e-04
-6.342820945010647525e-04
-6.334790146947096934e-04
-6.326759348883548512e-04
-6.318728550819997921e-04
-6.310697752756447331e-04
-6.339223911647361067e-04
